303164911
4109111025
190127119
4108390734
4290244761
4645809
4095740611
229765644
4069980056
4201780764
4165728213
4175037380
200085249
4065007832
4075354945
4278516657
4009293692
3898541130
4187882566
70911229
4197383719
4085648562
4173595013
219218035
4112846156
365626378
64550208
217116124
101906839
4290384330
4235724745
487652016
100997451
4125225614
3799970722
3849911107
138671910
4286375960
77075176
4196263900
128447781
4068084665
33615229
4105569076
3950769380
440798014
206313376
180155398
4152159992
1242423
237502563
84538169
391705501
4153608413
4159442509
47774364
4153938812
3949919875
4119529178
4188078196
43129861
48953095
3928495295
392036869
20250316
4261144738
3946911192
150600982
3824942446
4287366751
4180019829
24974482
3968075880
90504488
4055042068
4146268269
207874216
214432503
4288541144
181010414
285739140
200996164
3898667956
4106413498
186389637
4241230666
310640128
4098297222
182188121
405013987
3977837416
401080452
148567997
79501960
207494530
225577503
3870685691
89187056
4164354952
3996516422
107608558
304411408
180419624
4227263029
4071885531
4287492847
4269475644
4081978490
31000018
4211342278
4223272546
4223014817
142872840
72286460
79629592
3878161845
4043306003
4231792422
137037749
3924034958
141036906
234156623
4114418656
475004858
258408521
4004645663
3824284843
4044294932
