0
0
0
0
0
0
0
0
0
0
0
0
0
0
0
0
0
0
0
0
0
0
0
0
0
0
0
0
0
0
0
0
0
0
0
0
0
0
0
0
0
0
0
0
0
0
0
0
0
0
0
0
0
0
0
0
0
0
0
0
0
0
0
0
0
0
0
0
0
0
0
0
0
0
0
0
0
0
0
0
0
0
413669544
27078410
3231708962
98834213
387385767
313641480
761135203
4268037386
171320955
702738659
365220501
580458393
4110420052
3746965043
735711150
796458491
15780
3498638843
3559264174
548021811
184551508
3714520985
3929854613
3592351971
4123666043
26940682
3533832291
3981429256
3907586471
4196144933
1063384866
4267912970
3881310376
650907280
260106607
431737912
611262575
93461360
538044470
4150716859
3296391726
4185378795
4159360454
3804962205
355925733
762043328
700720174
645924056
49756
3649045720
3594265646
3533036480
3939172069
490020253
135712198
109694955
998699566
144370107
3757041718
4201519984
3683721327
3863333944
4034980207
3644067472
413669544
27078410
3231708962
98834213
387385767
313641480
761135203
4268037386
171320955
702738659
365220501
580458393
4110420052
3746965043
735711150
796458491
413669544
27078410
3231708962
98834213
387385767
313641480
761135203
4268037386
171320955
702738659
365220501
580458393
4110420052
3746965043
735711150
796458491
15780
3498638843
3559264174
548021811
184551508
3714520985
3929854613
3592351971
4123666043
26940682
3533832291
3981429256
3907586471
4196144933
1063384866
4267912970
3881310376
650907280
260106607
431737912
611262575
93461360
538044470
4150716859
3296391726
4185378795
4159360454
3804962205
355925733
762043328
700720174
645924056
49756
3649045720
3594265646
3533036480
3939172069
490020253
135712198
109694955
998699566
144370107
3757041718
4201519984
3683721327
3863333944
4034980207
3644067472
413669544
27078410
3231708962
98834213
387385767
313641480
761135203
4268037386
171320955
702738659
365220501
580458393
4110420052
3746965043
735711150
796458491
413669544
27078410
3231708962
98834213
387385767
313641480
761135203
4268037386
171320955
702738659
365220501
580458393
4110420052
3746965043
735711150
796458491
15780
3498638843
3559264174
548021811
184551508
3714520985
3929854613
3592351971
4123666043
26940682
3533832291
3981429256
3907586471
4196144933
1063384866
4267912970
3881310376
650907280
260106607
431737912
611262575
93461360
538044470
4150716859
3296391726
4185378795
4159360454
3804962205
355925733
762043328
700720174
645924056
49756
3649045720
3594265646
3533036480
3939172069
490020253
135712198
109694955
998699566
144370107
3757041718
4201519984
3683721327
3863333944
4034980207
3644067472
413669544
27078410
3231708962
98834213
387385767
313641480
761135203
4268037386
171320955
702738659
365220501
580458393
4110420052
3746965043
735711150
796458491
413669544
27078410
3231708962
98834213
387385767
313641480
761135203
4268037386
171320955
702738659
365220501
580458393
4110420052
3746965043
735711150
796458491
15780
3498638843
3559264174
548021811
184551508
3714520985
3929854613
3592351971
4123666043
26940682
3533832291
3981429256
3907586471
4196144933
1063384866
4267912970
3881310376
650907280
260106607
431737912
611262575
93461360
538044470
4150716859
3296391726
4185378795
4159360454
3804962205
355925733
762043328
700720174
645924056
49756
3649045720
3594265646
3533036480
3939172069
490020253
135712198
109694955
998699566
144370107
3757041718
4201519984
3683721327
3863333944
4034980207
3644067472
413669544
27078410
3231708962
98834213
387385767
313641480
761135203
4268037386
171320955
702738659
365220501
580458393
4110420052
3746965043
735711150
796458491
413669544
27078410
3231708962
98834213
387385767
313641480
761135203
4268037386
171320955
702738659
365220501
580458393
4110420052
3746965043
735711150
796458491
15780
3498638843
3559264174
548021811
184551508
3714520985
3929854613
3592351971
4123666043
26940682
3533832291
3981429256
3907586471
4196144933
1063384866
4267912970
3881310376
650907280
260106607
431737912
611262575
93461360
538044470
4150716859
3296391726
4185378795
4159360454
3804962205
355925733
762043328
700720174
645924056
49756
3649045720
3594265646
3533036480
3939172069
490020253
135712198
109694955
998699566
144370107
3757041718
4201519984
3683721327
3863333944
4034980207
3644067472
413669544
27078410
3231708962
98834213
387385767
313641480
761135203
4268037386
171320955
702738659
365220501
580458393
4110420052
3746965043
735711150
796458491
0
0
0
0
0
0
0
0
0
0
0
0
0
0
0
0
0
0
0
0
0
0
0
0
0
0
0
0
0
0
0
0
0
0
0
0
0
0
0
0
0
0
0
0
0
0
0
0
0
0
0
0
0
0
0
0
0
0
0
0
0
0
0
0
0
0
0
0
