-0.082675 0.041337
-0.339531 0.367040
-0.132515 0.024311
0.037610 -0.059713
0.087517 0.050731
0.251230 0.052647
-0.056558 0.064715
-0.096091 -0.003255
-0.070567 -0.111905
-0.084919 -0.145756
0.226623 -0.069760
-0.059801 -0.080593
-0.014455 0.061127
0.201356 -0.045955
-0.013413 -0.299934
0.257556 0.122034
0.041337 0.165350
-0.081584 -0.200562
0.131666 -0.212908
-0.300784 -0.165402
-0.236788 -0.002668
-0.176315 -0.040164
-0.202309 0.015483
0.269245 0.117267
0.177457 -0.311499
-0.093137 -0.313178
-0.021655 0.121074
0.087527 0.142137
-0.014210 0.043572
-0.041235 0.144254
0.184754 0.002296
0.019161 -0.107765
-0.082675 0.206687
0.023864 -0.086567
0.094065 -0.318821
0.115191 0.132434
-0.160161 0.056159
-0.018314 0.061333
0.098695 0.185052
-0.066214 -0.083989
-0.012107 -0.053445
-0.205506 -0.007050
-0.004291 -0.125140
0.109593 -0.208921
-0.243600 -0.168017
0.070131 -0.061682
0.244646 -0.071475
0.086331 -0.043247
-0.041337 -0.082675
-0.245410 0.019207
0.072134 0.108228
0.196413 0.065247
-0.186616 0.226477
-0.176718 0.132590
0.091683 0.133940
0.175330 0.302937
0.070567 0.146150
-0.005993 0.133024
-0.035328 0.142316
-0.088890 -0.059029
0.106915 -0.267382
0.260685 -0.009183
-0.016798 0.300623
-0.080778 -0.070141
-0.082675 0.041337
-0.339531 0.367040
-0.132515 0.024311
0.037610 -0.059713
0.087517 0.050731
0.251230 0.052647
-0.056558 0.064715
-0.096091 -0.003255
-0.070567 -0.111905
-0.084919 -0.145756
0.226623 -0.069760
-0.059801 -0.080593
-0.014455 0.061127
0.201356 -0.045955
-0.013413 -0.299934
0.257556 0.122034
-0.082675 0.041337
-0.339531 0.367040
-0.132515 0.024311
0.037610 -0.059713
0.087517 0.050731
0.251230 0.052647
-0.056558 0.064715
-0.096091 -0.003255
-0.070567 -0.111905
-0.084919 -0.145756
0.226623 -0.069760
-0.059801 -0.080593
-0.014455 0.061127
0.201356 -0.045955
-0.013413 -0.299934
0.257556 0.122034
0.041337 0.165350
-0.081584 -0.200562
0.131666 -0.212908
-0.300784 -0.165402
-0.236788 -0.002668
-0.176315 -0.040164
-0.202309 0.015483
0.269245 0.117267
0.177457 -0.311499
-0.093137 -0.313178
-0.021655 0.121074
0.087527 0.142137
-0.014210 0.043572
-0.041235 0.144254
0.184754 0.002296
0.019161 -0.107765
-0.082675 0.206687
0.023864 -0.086567
0.094065 -0.318821
0.115191 0.132434
-0.160161 0.056159
-0.018314 0.061333
0.098695 0.185052
-0.066214 -0.083989
-0.012107 -0.053445
-0.205506 -0.007050
-0.004291 -0.125140
0.109593 -0.208921
-0.243600 -0.168017
0.070131 -0.061682
0.244646 -0.071475
0.086331 -0.043247
-0.041337 -0.082675
-0.245410 0.019207
0.072134 0.108228
0.196413 0.065247
-0.186616 0.226477
-0.176718 0.132590
0.091683 0.133940
0.175330 0.302937
0.070567 0.146150
-0.005993 0.133024
-0.035328 0.142316
-0.088890 -0.059029
0.106915 -0.267382
0.260685 -0.009183
-0.016798 0.300623
-0.080778 -0.070141
-0.082675 0.041337
-0.339531 0.367040
-0.132515 0.024311
0.037610 -0.059713
0.087517 0.050731
0.251230 0.052647
-0.056558 0.064715
-0.096091 -0.003255
-0.070567 -0.111905
-0.084919 -0.145756
0.226623 -0.069760
-0.059801 -0.080593
-0.014455 0.061127
0.201356 -0.045955
-0.013413 -0.299934
0.257556 0.122034
-0.082675 0.041337
-0.339531 0.367040
-0.132515 0.024311
0.037610 -0.059713
0.087517 0.050731
0.251230 0.052647
-0.056558 0.064715
-0.096091 -0.003255
-0.070567 -0.111905
-0.084919 -0.145756
0.226623 -0.069760
-0.059801 -0.080593
-0.014455 0.061127
0.201356 -0.045955
-0.013413 -0.299934
0.257556 0.122034
0.041337 0.165350
-0.081584 -0.200562
0.131666 -0.212908
-0.300784 -0.165402
-0.236788 -0.002668
-0.176315 -0.040164
-0.202309 0.015483
0.269245 0.117267
0.177457 -0.311499
-0.093137 -0.313178
-0.021655 0.121074
0.087527 0.142137
-0.014210 0.043572
-0.041235 0.144254
0.184754 0.002296
0.019161 -0.107765
-0.082675 0.206687
0.023864 -0.086567
0.094065 -0.318821
0.115191 0.132434
-0.160161 0.056159
-0.018314 0.061333
0.098695 0.185052
-0.066214 -0.083989
-0.012107 -0.053445
-0.205506 -0.007050
-0.004291 -0.125140
0.109593 -0.208921
-0.243600 -0.168017
0.070131 -0.061682
0.244646 -0.071475
0.086331 -0.043247
-0.041337 -0.082675
-0.245410 0.019207
0.072134 0.108228
0.196413 0.065247
-0.186616 0.226477
-0.176718 0.132590
0.091683 0.133940
0.175330 0.302937
0.070567 0.146150
-0.005993 0.133024
-0.035328 0.142316
-0.088890 -0.059029
0.106915 -0.267382
0.260685 -0.009183
-0.016798 0.300623
-0.080778 -0.070141
-0.082675 0.041337
-0.339531 0.367040
-0.132515 0.024311
0.037610 -0.059713
0.087517 0.050731
0.251230 0.052647
-0.056558 0.064715
-0.096091 -0.003255
-0.070567 -0.111905
-0.084919 -0.145756
0.226623 -0.069760
-0.059801 -0.080593
-0.014455 0.061127
0.201356 -0.045955
-0.013413 -0.299934
0.257556 0.122034
-0.082675 0.041337
-0.339531 0.367040
-0.132515 0.024311
0.037610 -0.059713
0.087517 0.050731
0.251230 0.052647
-0.056558 0.064715
-0.096091 -0.003255
-0.070567 -0.111905
-0.084919 -0.145756
0.226623 -0.069760
-0.059801 -0.080593
-0.014455 0.061127
0.201356 -0.045955
-0.013413 -0.299934
0.257556 0.122034
0.041337 0.165350
-0.081584 -0.200562
0.131666 -0.212908
-0.300784 -0.165402
-0.236788 -0.002668
-0.176315 -0.040164
-0.202309 0.015483
0.269245 0.117267
0.177457 -0.311499
-0.093137 -0.313178
-0.021655 0.121074
0.087527 0.142137
-0.014210 0.043572
-0.041235 0.144254
0.184754 0.002296
0.019161 -0.107765
-0.082675 0.206687
0.023864 -0.086567
0.094065 -0.318821
0.115191 0.132434
-0.160161 0.056159
-0.018314 0.061333
0.098695 0.185052
-0.066214 -0.083989
-0.012107 -0.053445
-0.205506 -0.007050
-0.004291 -0.125140
0.109593 -0.208921
-0.243600 -0.168017
0.070131 -0.061682
0.244646 -0.071475
0.086331 -0.043247
-0.041337 -0.082675
-0.245410 0.019207
0.072134 0.108228
0.196413 0.065247
-0.186616 0.226477
-0.176718 0.132590
0.091683 0.133940
0.175330 0.302937
0.070567 0.146150
-0.005993 0.133024
-0.035328 0.142316
-0.088890 -0.059029
0.106915 -0.267382
0.260685 -0.009183
-0.016798 0.300623
-0.080778 -0.070141
-0.082675 0.041337
-0.339531 0.367040
-0.132515 0.024311
0.037610 -0.059713
0.087517 0.050731
0.251230 0.052647
-0.056558 0.064715
-0.096091 -0.003255
-0.070567 -0.111905
-0.084919 -0.145756
0.226623 -0.069760
-0.059801 -0.080593
-0.014455 0.061127
0.201356 -0.045955
-0.013413 -0.299934
0.257556 0.122034
-0.082675 0.041337
-0.339531 0.367040
-0.132515 0.024311
0.037610 -0.059713
0.087517 0.050731
0.251230 0.052647
-0.056558 0.064715
-0.096091 -0.003255
-0.070567 -0.111905
-0.084919 -0.145756
0.226623 -0.069760
-0.059801 -0.080593
-0.014455 0.061127
0.201356 -0.045955
-0.013413 -0.299934
0.257556 0.122034
0.041337 0.165350
-0.081584 -0.200562
0.131666 -0.212908
-0.300784 -0.165402
-0.236788 -0.002668
-0.176315 -0.040164
-0.202309 0.015483
0.269245 0.117267
0.177457 -0.311499
-0.093137 -0.313178
-0.021655 0.121074
0.087527 0.142137
-0.014210 0.043572
-0.041235 0.144254
0.184754 0.002296
0.019161 -0.107765
-0.082675 0.206687
0.023864 -0.086567
0.094065 -0.318821
0.115191 0.132434
-0.160161 0.056159
-0.018314 0.061333
0.098695 0.185052
-0.066214 -0.083989
-0.012107 -0.053445
-0.205506 -0.007050
-0.004291 -0.125140
0.109593 -0.208921
-0.243600 -0.168017
0.070131 -0.061682
0.244646 -0.071475
0.086331 -0.043247
-0.041337 -0.082675
-0.245410 0.019207
0.072134 0.108228
0.196413 0.065247
-0.186616 0.226477
-0.176718 0.132590
0.091683 0.133940
0.175330 0.302937
0.070567 0.146150
-0.005993 0.133024
-0.035328 0.142316
-0.088890 -0.059029
0.106915 -0.267382
0.260685 -0.009183
-0.016798 0.300623
-0.080778 -0.070141
-0.082675 0.041337
-0.339531 0.367040
-0.132515 0.024311
0.037610 -0.059713
0.087517 0.050731
0.251230 0.052647
-0.056558 0.064715
-0.096091 -0.003255
-0.070567 -0.111905
-0.084919 -0.145756
0.226623 -0.069760
-0.059801 -0.080593
-0.014455 0.061127
0.201356 -0.045955
-0.013413 -0.299934
0.257556 0.122034
